2071.98	-222.512	0	0	0	-0.621387	0.783504
2071.98	-222.512	0	0	0	-0.621415	0.783482
2071.98	-222.512	0	0	0	-0.621454	0.783451
2071.98	-222.512	0	0	0	-0.621456	0.783449
2071.98	-222.512	0	0	0	-0.621502	0.783412
2071.98	-222.511	0	0	0	-0.621555	0.78337
2071.98	-222.511	0	0	0	-0.621576	0.783354
2071.98	-222.511	0	0	0	-0.62159	0.783343
2071.98	-222.511	0	0	0	-0.62161	0.783327
2071.98	-222.511	0	0	0	-0.621646	0.783298
2071.98	-222.511	0	0	0	-0.621643	0.7833
2071.98	-222.511	0	0	0	-0.621674	0.783276
2071.98	-222.51	0	0	0	-0.621711	0.783246
2071.98	-222.51	0	0	0	-0.621718	0.783241
2071.98	-222.51	0	0	0	-0.621744	0.78322
2071.98	-222.511	0	0	0	-0.621758	0.783209
2071.98	-222.511	0	0	0	-0.62177	0.7832
2071.98	-222.511	0	0	0	-0.621761	0.783207
2071.98	-222.511	0	0	0	-0.62178	0.783192
2071.98	-222.511	0	0	0	-0.621804	0.783173
2071.98	-222.511	0	0	0	-0.62181	0.783168
2071.98	-222.511	0	0	0	-0.621809	0.783169
2071.99	-222.51	0	0	0	-0.621806	0.783171
2071.99	-222.51	0	0	0	-0.621793	0.783182
2071.99	-222.511	0	0	0	-0.621815	0.783164
2071.99	-222.51	0	0	0	-0.621827	0.783155
2071.99	-222.51	0	0	0	-0.621846	0.78314
2071.99	-222.51	0	0	0	-0.62181	0.783168
2071.99	-222.511	0	0	0	-0.621832	0.783151
2071.99	-222.511	0	0	0	-0.621843	0.783142
2071.99	-222.511	0	0	0	-0.621843	0.783142
2071.99	-222.511	0	0	0	-0.621834	0.783149
2071.99	-222.512	0	0	0	-0.621818	0.783162
2071.99	-222.512	0	0	0	-0.621792	0.783182
2071.99	-222.514	0	0	0	-0.62176	0.783208
2071.99	-222.516	0	0	0	-0.621771	0.783199
2071.99	-222.522	0	0	0	-0.621745	0.78322
2071.99	-222.527	0	0	0	-0.621753	0.783214
2071.99	-222.535	0	0	0	-0.621703	0.783253
2072	-222.545	0	0	0	-0.621718	0.783241
2072	-222.555	0	0	0	-0.621709	0.783248
2072	-222.567	0	0	0	-0.621673	0.783277
2072.01	-222.58	0	0	0	-0.62168	0.783271
2072.01	-222.598	0	0	0	-0.621576	0.783354
2072.01	-222.616	0	0	0	-0.621511	0.783406
2072.02	-222.637	0	0	0	-0.621321	0.783556
2072.03	-222.667	0	0	0	-0.621023	0.783792
2072.03	-222.686	0	0	0	-0.620838	0.783939
2072.04	-222.72	0	0	0	-0.620559	0.78416
2072.05	-222.75	0	0	0	-0.620297	0.784367
2072.05	-222.782	0	0	0	-0.61997	0.784625
2072.06	-222.808	0	0	0	-0.619691	0.784846
2072.07	-222.853	0	0	0	-0.619262	0.785184
2072.08	-222.891	0	0	0	-0.618916	0.785457
2072.09	-222.921	0	0	0	-0.618649	0.785668
2072.1	-222.974	0	0	0	-0.618124	0.786081
2072.11	-223.007	0	0	0	-0.617837	0.786307
2072.12	-223.052	0	0	0	-0.617438	0.78662
2072.13	-223.114	0	0	0	-0.616935	0.787014
2072.14	-223.151	0	0	0	-0.616656	0.787233
2072.16	-223.202	0	0	0	-0.616172	0.787612
2072.17	-223.267	0	0	0	-0.615735	0.787953
2072.18	-223.307	0	0	0	-0.615404	0.788212
2072.19	-223.364	0	0	0	-0.614971	0.78855
2072.21	-223.421	0	0	0	-0.614671	0.788783
2072.22	-223.481	0	0	0	-0.614489	0.788925
2072.24	-223.542	0	0	0	-0.614284	0.789085
2072.25	-223.605	0	0	0	-0.614011	0.789297
2072.27	-223.687	0	0	0	-0.613784	0.789474
2072.29	-223.754	0	0	0	-0.613656	0.789574
2072.3	-223.814	0	0	0	-0.613628	0.789595
2072.31	-223.875	0	0	0	-0.613516	0.789682
2072.33	-223.956	0	0	0	-0.613229	0.789905
2072.35	-224.021	0	0	0	-0.61303	0.790059
2072.37	-224.097	0	0	0	-0.612903	0.790158
2072.38	-224.174	0	0	0	-0.612827	0.790217
2072.4	-224.273	0	0	0	-0.612753	0.790275
2072.42	-224.354	0	0	0	-0.612642	0.79036
2072.44	-224.415	0	0	0	-0.612559	0.790425
2072.46	-224.522	0	0	0	-0.612492	0.790477
2072.48	-224.598	0	0	0	-0.612434	0.790522
2072.5	-224.697	0	0	0	-0.612269	0.790649
2072.52	-224.764	0	0	0	-0.612181	0.790717
2072.55	-224.875	0	0	0	-0.61191	0.790927
2072.57	-224.968	0	0	0	-0.611956	0.790892
2072.58	-225.059	0	0	0	-0.611921	0.790919
2072.61	-225.152	0	0	0	-0.611693	0.791095
2072.63	-225.222	0	0	0	-0.611525	0.791225
2072.65	-225.331	0	0	0	-0.611259	0.791431
2072.68	-225.44	0	0	0	-0.610855	0.791742
2072.7	-225.537	0	0	0	-0.610352	0.79213
2072.72	-225.61	0	0	0	-0.609906	0.792474
2072.76	-225.735	0	0	0	-0.609125	0.793074
2072.78	-225.81	0	0	0	-0.608518	0.79354
2072.81	-225.94	0	0	0	-0.607558	0.794276
2072.83	-226.019	0	0	0	-0.606732	0.794907
2072.86	-226.125	0	0	0	-0.605753	0.795653
2072.89	-226.231	0	0	0	-0.60464	0.796499
2072.93	-226.367	0	0	0	-0.603282	0.797528
2072.96	-226.449	0	0	0	-0.602554	0.798078
2073	-226.587	0	0	0	-0.601174	0.799118
2073.03	-226.671	0	0	0	-0.600188	0.799859
2073.06	-226.783	0	0	0	-0.599064	0.800701
2073.11	-226.924	0	0	0	-0.597693	0.801725
2073.14	-227.023	0	0	0	-0.596789	0.802398
2073.17	-227.123	0	0	0	-0.595588	0.80329
2073.21	-227.237	0	0	0	-0.594378	0.804186
2073.25	-227.35	0	0	0	-0.593123	0.805112
2073.3	-227.495	0	0	0	-0.591604	0.806229
2073.33	-227.583	0	0	0	-0.590804	0.806815
2073.38	-227.702	0	0	0	-0.589391	0.807848
2073.43	-227.851	0	0	0	-0.587677	0.809096
2073.47	-227.958	0	0	0	-0.586692	0.80981
2073.52	-228.066	0	0	0	-0.585366	0.81077
2073.58	-228.222	0	0	0	-0.583766	0.811922
2073.63	-228.348	0	0	0	-0.582616	0.812748
2073.68	-228.476	0	0	0	-0.581153	0.813795
2073.71	-228.573	0	0	0	-0.580287	0.814412
2073.77	-228.704	0	0	0	-0.57908	0.81527
2073.82	-228.836	0	0	0	-0.577959	0.816066
2073.87	-228.968	0	0	0	-0.576603	0.817024
2073.92	-229.102	0	0	0	-0.575122	0.818068
2073.98	-229.236	0	0	0	-0.573882	0.818938
2074.05	-229.404	0	0	0	-0.572556	0.819865
2074.1	-229.539	0	0	0	-0.571413	0.820663
2074.13	-229.624	0	0	0	-0.570731	0.821137
2074.2	-229.776	0	0	0	-0.56961	0.821915
2074.25	-229.913	0	0	0	-0.568449	0.822719
2074.32	-230.082	0	0	0	-0.567213	0.823571
2074.36	-230.184	0	0	0	-0.566582	0.824005
2074.41	-230.321	0	0	0	-0.565443	0.824788
2074.47	-230.459	0	0	0	-0.56449	0.82544
2074.53	-230.597	0	0	0	-0.563643	0.826018
2074.58	-230.737	0	0	0	-0.562799	0.826594
2074.66	-230.913	0	0	0	-0.561762	0.827299
2074.7	-231.018	0	0	0	-0.561081	0.827761
2074.76	-231.159	0	0	0	-0.5602	0.828357
2074.82	-231.3	0	0	0	-0.559444	0.828868
2074.9	-231.478	0	0	0	-0.558512	0.829496
2074.94	-231.586	0	0	0	-0.557979	0.829855
2075.02	-231.765	0	0	0	-0.557126	0.830428
2075.08	-231.909	0	0	0	-0.556516	0.830837
2075.13	-232.035	0	0	0	-0.556039	0.831156
2075.21	-232.218	0	0	0	-0.555471	0.831536
2075.26	-232.347	0	0	0	-0.554962	0.831876
2075.32	-232.477	0	0	0	-0.554638	0.832092
2075.39	-232.645	0	0	0	-0.554402	0.832249
2075.45	-232.796	0	0	0	-0.554215	0.832373
2075.52	-232.948	0	0	0	-0.554122	0.832435
2075.58	-233.102	0	0	0	-0.554151	0.832416
2075.65	-233.275	0	0	0	-0.554405	0.832247
2075.71	-233.412	0	0	0	-0.554521	0.83217
2075.78	-233.571	0	0	0	-0.554748	0.832018
2075.85	-233.732	0	0	0	-0.554972	0.831869
2075.91	-233.895	0	0	0	-0.555123	0.831768
2075.98	-234.061	0	0	0	-0.555294	0.831654
2076.03	-234.187	0	0	0	-0.555445	0.831553
2076.11	-234.359	0	0	0	-0.555632	0.831429
2076.2	-234.577	0	0	0	-0.555973	0.8312
2076.27	-234.755	0	0	0	-0.556185	0.831058
2076.34	-234.936	0	0	0	-0.556374	0.830932
2076.42	-235.119	0	0	0	-0.556627	0.830762
2076.47	-235.258	0	0	0	-0.55678	0.83066
2076.55	-235.444	0	0	0	-0.55691	0.830573
2076.62	-235.632	0	0	0	-0.556992	0.830518
2076.72	-235.87	0	0	0	-0.556984	0.830523
2076.78	-236.014	0	0	0	-0.556864	0.830603
2076.86	-236.207	0	0	0	-0.556705	0.83071
2076.97	-236.453	0	0	0	-0.556481	0.83086
2077.06	-236.677	0	0	0	-0.556213	0.83104
2077.11	-236.802	0	0	0	-0.556045	0.831152
2077.21	-237.029	0	0	0	-0.555661	0.831409
2077.28	-237.208	0	0	0	-0.555465	0.83154
2077.39	-237.466	0	0	0	-0.554989	0.831858
2077.46	-237.648	0	0	0	-0.554645	0.832087
2077.56	-237.884	0	0	0	-0.554162	0.832409
2077.65	-238.098	0	0	0	-0.553574	0.8328
2077.74	-238.311	0	0	0	-0.552971	0.8332
2077.83	-238.525	0	0	0	-0.552426	0.833562
2077.9	-238.688	0	0	0	-0.551983	0.833855
2077.99	-238.905	0	0	0	-0.550921	0.834557
2078.08	-239.124	0	0	0	-0.549973	0.835183
2078.18	-239.344	0	0	0	-0.549175	0.835708
2078.28	-239.568	0	0	0	-0.547984	0.836489
2078.38	-239.794	0	0	0	-0.547005	0.837129
2078.48	-240.023	0	0	0	-0.545813	0.837907
2078.58	-240.256	0	0	0	-0.544239	0.83893
2078.69	-240.493	0	0	0	-0.542801	0.839861
2078.82	-240.793	0	0	0	-0.541262	0.840854
2078.93	-241.037	0	0	0	-0.539773	0.841811
2079.02	-241.222	0	0	0	-0.538987	0.842314
2079.15	-241.503	0	0	0	-0.537423	0.843313
2079.28	-241.788	0	0	0	-0.535899	0.844282
2079.35	-241.948	0	0	0	-0.534968	0.844872
2079.49	-242.239	0	0	0	-0.533583	0.845748
2079.62	-242.501	0	0	0	-0.532549	0.846399
2079.74	-242.767	0	0	0	-0.53143	0.847102
2079.87	-243.035	0	0	0	-0.530282	0.847821
2080.03	-243.372	0	0	0	-0.528793	0.848751
2080.13	-243.576	0	0	0	-0.527959	0.84927
2080.3	-243.916	0	0	0	-0.526551	0.850143
2080.43	-244.19	0	0	0	-0.525261	0.850941
2080.57	-244.465	0	0	0	-0.52417	0.851614
2080.71	-244.742	0	0	0	-0.522981	0.852344
2080.86	-245.022	0	0	0	-0.521768	0.853088
2081	-245.304	0	0	0	-0.520637	0.853778
2081.15	-245.588	0	0	0	-0.51952	0.854458
2081.29	-245.874	0	0	0	-0.518391	0.855143
2081.48	-246.233	0	0	0	-0.516984	0.855995
2081.6	-246.45	0	0	0	-0.516159	0.856493
2081.72	-246.668	0	0	0	-0.515345	0.856983
2081.92	-247.035	0	0	0	-0.514024	0.857776
2082.06	-247.296	0	0	0	-0.513183	0.858279
2082.2	-247.558	0	0	0	-0.512115	0.858917
2082.41	-247.936	0	0	0	-0.511217	0.859452
2082.57	-248.241	0	0	0	-0.51083	0.859682
2082.74	-248.549	0	0	0	-0.510532	0.859859
2082.91	-248.859	0	0	0	-0.510412	0.85993
2083.08	-249.171	0	0	0	-0.510624	0.859804
2083.25	-249.487	0	0	0	-0.511107	0.859517
2083.38	-249.725	0	0	0	-0.511683	0.859174
2083.6	-250.124	0	0	0	-0.512899	0.858449
2083.77	-250.447	0	0	0	-0.514202	0.857669
2083.91	-250.691	0	0	0	-0.515343	0.856984
2084.08	-251.017	0	0	0	-0.516676	0.856181
2084.3	-251.429	0	0	0	-0.518914	0.854827
2084.48	-251.762	0	0	0	-0.520722	0.853726
2084.66	-252.099	0	0	0	-0.522326	0.852746
2084.83	-252.44	0	0	0	-0.524289	0.85154
2084.96	-252.699	0	0	0	-0.525321	0.850904
2085.18	-253.136	0	0	0	-0.527307	0.849675
2085.32	-253.399	0	0	0	-0.528694	0.848813
2085.47	-253.709	0	0	0	-0.530011	0.847991
2085.68	-254.109	0	0	0	-0.531243	0.847219
2085.85	-254.469	0	0	0	-0.5324	0.846493
2086.07	-254.924	0	0	0	-0.53371	0.845668
2086.25	-255.291	0	0	0	-0.534542	0.845142
2086.42	-255.662	0	0	0	-0.535166	0.844747
2086.58	-255.989	0	0	0	-0.535659	0.844434
2086.75	-256.363	0	0	0	-0.535948	0.844251
2086.93	-256.742	0	0	0	-0.536109	0.844149
2087.11	-257.121	0	0	0	-0.535999	0.844219
2087.31	-257.549	0	0	0	-0.535789	0.844352
2087.45	-257.836	0	0	0	-0.535563	0.844495
2087.63	-258.22	0	0	0	-0.534955	0.844881
2087.81	-258.607	0	0	0	-0.534101	0.845421
2087.99	-258.997	0	0	0	-0.533264	0.845949
2088.18	-259.388	0	0	0	-0.532586	0.846376
2088.39	-259.83	0	0	0	-0.53157	0.847014
2088.56	-260.177	0	0	0	-0.530756	0.847525
2088.75	-260.575	0	0	0	-0.529522	0.848296
2088.94	-260.975	0	0	0	-0.528335	0.849036
2089.14	-261.375	0	0	0	-0.527058	0.849829
2089.39	-261.878	0	0	0	-0.525782	0.85062
2089.59	-262.282	0	0	0	-0.524532	0.851391
2089.79	-262.688	0	0	0	-0.52311	0.852265
2090	-263.095	0	0	0	-0.521292	0.853378
2090.21	-263.505	0	0	0	-0.519644	0.854383
2090.42	-263.915	0	0	0	-0.51801	0.855375
2090.64	-264.326	0	0	0	-0.516293	0.856412
2090.86	-264.739	0	0	0	-0.514785	0.85732
2091.02	-265.049	0	0	0	-0.513624	0.858016
2091.24	-265.461	0	0	0	-0.511914	0.859036
2091.47	-265.875	0	0	0	-0.51035	0.859967
2091.67	-266.238	0	0	0	-0.508838	0.860862
2091.95	-266.758	0	0	0	-0.506692	0.862127
2092.13	-267.071	0	0	0	-0.505627	0.862752
2092.45	-267.646	0	0	0	-0.503127	0.864212
2092.63	-267.961	0	0	0	-0.501762	0.865006
2092.92	-268.486	0	0	0	-0.499556	0.866282
2093.16	-268.906	0	0	0	-0.49806	0.867142
2093.35	-269.22	0	0	0	-0.4966	0.867979
2093.72	-269.85	0	0	0	-0.493949	0.869491
2093.9	-270.165	0	0	0	-0.492655	0.870225
2094.06	-270.427	0	0	0	-0.49162	0.87081
2094.41	-271.004	0	0	0	-0.489711	0.871885
2094.67	-271.425	0	0	0	-0.487912	0.872893
2094.89	-271.793	0	0	0	-0.486743	0.873545
2095.19	-272.265	0	0	0	-0.484873	0.874585
2095.42	-272.631	0	0	0	-0.483851	0.87515
2095.72	-273.104	0	0	0	-0.482157	0.876085
2095.99	-273.525	0	0	0	-0.480737	0.876865
2096.19	-273.841	0	0	0	-0.47973	0.877416
2096.46	-274.261	0	0	0	-0.478411	0.878136
2096.8	-274.788	0	0	0	-0.476938	0.878937
2097.01	-275.105	0	0	0	-0.476026	0.879431
2097.35	-275.633	0	0	0	-0.47445	0.880282
2097.63	-276.056	0	0	0	-0.473299	0.880902
2097.91	-276.481	0	0	0	-0.472317	0.881429
2098.23	-276.958	0	0	0	-0.471036	0.882114
2098.48	-277.33	0	0	0	-0.470275	0.88252
2098.77	-277.754	0	0	0	-0.46947	0.882948
2099.05	-278.178	0	0	0	-0.468962	0.883218
2099.31	-278.551	0	0	0	-0.468642	0.883388
2099.63	-279.031	0	0	0	-0.468018	0.883719
2099.93	-279.458	0	0	0	-0.4676	0.88394
2100.22	-279.888	0	0	0	-0.467068	0.884221
2100.44	-280.212	0	0	0	-0.466651	0.884442
2100.74	-280.644	0	0	0	-0.46611	0.884727
2101.04	-281.078	0	0	0	-0.465729	0.884927
2101.49	-281.73	0	0	0	-0.464974	0.885325
2101.72	-282.056	0	0	0	-0.464642	0.885499
2102.02	-282.492	0	0	0	-0.463965	0.885853
2102.29	-282.875	0	0	0	-0.463487	0.886104
2102.63	-283.368	0	0	0	-0.462837	0.886443
2102.9	-283.752	0	0	0	-0.462403	0.88667
2103.14	-284.082	0	0	0	-0.461903	0.88693
2103.49	-284.577	0	0	0	-0.461005	0.887398
2103.8	-285.018	0	0	0	-0.460281	0.887773
2104.11	-285.459	0	0	0	-0.459581	0.888136
2104.43	-285.901	0	0	0	-0.458624	0.888631
2104.75	-286.341	0	0	0	-0.457662	0.889126
2105.07	-286.782	0	0	0	-0.456572	0.889687
2105.35	-287.169	0	0	0	-0.455529	0.890221
2105.76	-287.722	0	0	0	-0.453976	0.891014
2106.12	-288.221	0	0	0	-0.452762	0.891632
2106.41	-288.609	0	0	0	-0.451536	0.892253
2106.74	-289.053	0	0	0	-0.450573	0.89274
2107.11	-289.552	0	0	0	-0.449272	0.893395
2107.44	-289.995	0	0	0	-0.448369	0.893849
2107.77	-290.436	0	0	0	-0.447652	0.894208
2107.98	-290.713	0	0	0	-0.447394	0.894337
2108.4	-291.271	0	0	0	-0.446469	0.894799
2108.73	-291.718	0	0	0	-0.445689	0.895188
2109.03	-292.108	0	0	0	-0.445433	0.895315
2109.5	-292.722	0	0	0	-0.444385	0.895836
2109.75	-293.058	0	0	0	-0.443714	0.896168
2110.01	-293.393	0	0	0	-0.443071	0.896487
2110.35	-293.84	0	0	0	-0.442428	0.896804
2110.74	-294.343	0	0	0	-0.441671	0.897177
2111.05	-294.733	0	0	0	-0.440853	0.89758
2111.44	-295.236	0	0	0	-0.439845	0.898074
2111.84	-295.742	0	0	0	-0.438699	0.898634
2112.2	-296.19	0	0	0	-0.437393	0.89927
2112.55	-296.639	0	0	0	-0.436233	0.899834
2112.87	-297.032	0	0	0	-0.435073	0.900395
2113.18	-297.426	0	0	0	-0.433808	0.901005
2113.59	-297.931	0	0	0	-0.432318	0.901721
2113.91	-298.323	0	0	0	-0.430997	0.902353
2114.28	-298.772	0	0	0	-0.429503	0.903066
2114.74	-299.331	0	0	0	-0.427806	0.90387
2115.11	-299.777	0	0	0	-0.426296	0.904584
2115.39	-300.11	0	0	0	-0.425371	0.905019
2115.76	-300.553	0	0	0	-0.423994	0.905665
2116.13	-300.995	0	0	0	-0.422567	0.906332
2116.51	-301.435	0	0	0	-0.421262	0.906939
2116.88	-301.874	0	0	0	-0.419858	0.90759
2117.26	-302.311	0	0	0	-0.418153	0.908377
2117.73	-302.853	0	0	0	-0.416349	0.909205
2118.02	-303.177	0	0	0	-0.41528	0.909694
2118.39	-303.608	0	0	0	-0.413914	0.910316
2118.87	-304.142	0	0	0	-0.412062	0.911156
2119.25	-304.566	0	0	0	-0.410857	0.9117
2119.53	-304.882	0	0	0	-0.409628	0.912253
2119.91	-305.302	0	0	0	-0.40802	0.912973
2120.29	-305.721	0	0	0	-0.406323	0.913729
2120.67	-306.137	0	0	0	-0.404941	0.914343
2121.05	-306.552	0	0	0	-0.403128	0.915144
2121.44	-306.964	0	0	0	-0.401702	0.915771
2121.82	-307.376	0	0	0	-0.399894	0.916562
2122.2	-307.786	0	0	0	-0.398351	0.917233
2122.59	-308.196	0	0	0	-0.396804	0.917903
2122.97	-308.602	0	0	0	-0.395214	0.918589
2123.36	-309.006	0	0	0	-0.3937	0.919239
2123.8	-309.46	0	0	0	-0.392064	0.919938
2124.14	-309.812	0	0	0	-0.390507	0.9206
2124.53	-310.212	0	0	0	-0.389105	0.921193
2124.96	-310.66	0	0	0	-0.387586	0.921833
2125.31	-311.007	0	0	0	-0.386172	0.922427
2125.7	-311.403	0	0	0	-0.384878	0.922968
2126.09	-311.797	0	0	0	-0.383141	0.92369
2126.48	-312.19	0	0	0	-0.381886	0.92421
2126.88	-312.582	0	0	0	-0.380432	0.924809
2127.27	-312.972	0	0	0	-0.37889	0.925442
2127.67	-313.36	0	0	0	-0.377575	0.925979
2128.06	-313.747	0	0	0	-0.376345	0.926479
2128.51	-314.18	0	0	0	-0.374982	0.927032
2128.86	-314.517	0	0	0	-0.373954	0.927447
2129.31	-314.948	0	0	0	-0.372678	0.927961
2129.66	-315.282	0	0	0	-0.371728	0.928342
2130.06	-315.664	0	0	0	-0.370587	0.928798
2130.51	-316.091	0	0	0	-0.369322	0.929302
2130.86	-316.422	0	0	0	-0.368431	0.929655
2131.26	-316.801	0	0	0	-0.367339	0.930087
2131.66	-317.178	0	0	0	-0.366285	0.930503
2132.06	-317.554	0	0	0	-0.365193	0.930932
2132.57	-318.023	0	0	0	-0.364075	0.93137
2132.97	-318.396	0	0	0	-0.363058	0.931767
2133.33	-318.722	0	0	0	-0.362055	0.932157
2133.68	-319.047	0	0	0	-0.361331	0.932437
2134.19	-319.51	0	0	0	-0.360018	0.932945
2134.6	-319.882	0	0	0	-0.359044	0.933321
2134.95	-320.207	0	0	0	-0.358147	0.933665
2135.31	-320.527	0	0	0	-0.357169	0.93404
2135.72	-320.892	0	0	0	-0.356317	0.934365
2136.28	-321.395	0	0	0	-0.35463	0.935007
2136.59	-321.668	0	0	0	-0.353577	0.935406
2137.06	-322.077	0	0	0	-0.352602	0.935774
2137.47	-322.44	0	0	0	-0.35164	0.936135
2137.88	-322.802	0	0	0	-0.350383	0.936607
2138.29	-323.164	0	0	0	-0.348847	0.93718
2138.71	-323.528	0	0	0	-0.347459	0.937695
2139.33	-324.071	0	0	0	-0.345326	0.938483
2139.64	-324.342	0	0	0	-0.344253	0.938877
2140.16	-324.788	0	0	0	-0.342617	0.939475
2140.48	-325.054	0	0	0	-0.341523	0.939874
2140.89	-325.408	0	0	0	-0.340098	0.94039
2141.26	-325.716	0	0	0	-0.338784	0.940864
2141.74	-326.11	0	0	0	-0.337246	0.941416
2142.16	-326.463	0	0	0	-0.335809	0.94193
2142.69	-326.899	0	0	0	-0.334001	0.942573
2143.01	-327.16	0	0	0	-0.33286	0.942976
2143.43	-327.507	0	0	0	-0.331485	0.94346
2143.97	-327.938	0	0	0	-0.329794	0.944053
2144.45	-328.323	0	0	0	-0.328408	0.944536
2144.72	-328.538	0	0	0	-0.327292	0.944923
2145.32	-329.009	0	0	0	-0.325332	0.9456
2145.64	-329.265	0	0	0	-0.324274	0.945963
2146.13	-329.648	0	0	0	-0.322637	0.946523
2146.46	-329.903	0	0	0	-0.321537	0.946897
2146.95	-330.284	0	0	0	-0.319945	0.947436
2147.34	-330.579	0	0	0	-0.318225	0.948015
2147.78	-330.914	0	0	0	-0.316376	0.948634
2148.22	-331.247	0	0	0	-0.314556	0.949239
2148.67	-331.579	0	0	0	-0.312957	0.949767
2149.11	-331.909	0	0	0	-0.31095	0.950426
2149.67	-332.319	0	0	0	-0.308687	0.951164
2150.18	-332.687	0	0	0	-0.306949	0.951726
2150.63	-333.015	0	0	0	-0.305086	0.952325
2150.86	-333.178	0	0	0	-0.304254	0.952591
2151.54	-333.663	0	0	0	-0.301863	0.953351
2151.89	-333.905	0	0	0	-0.300893	0.953658
2152.46	-334.306	0	0	0	-0.298853	0.954299
2152.8	-334.546	0	0	0	-0.297734	0.954649
2153.32	-334.904	0	0	0	-0.296388	0.955068
2153.85	-335.26	0	0	0	-0.295006	0.955495
2154.31	-335.576	0	0	0	-0.29391	0.955833
2154.72	-335.853	0	0	0	-0.292874	0.956151
2155.18	-336.169	0	0	0	-0.291789	0.956483
2155.59	-336.445	0	0	0	-0.291028	0.956714
2156.24	-336.877	0	0	0	-0.289514	0.957174
2156.59	-337.112	0	0	0	-0.288449	0.957495
2157.06	-337.425	0	0	0	-0.287172	0.957879
2157.53	-337.736	0	0	0	-0.285805	0.958288
2158	-338.044	0	0	0	-0.284648	0.958632
2158.53	-338.392	0	0	0	-0.283151	0.959075
2158.95	-338.662	0	0	0	-0.28182	0.959467
2159.43	-338.969	0	0	0	-0.280624	0.959818
2159.96	-339.313	0	0	0	-0.278747	0.960365
2160.38	-339.58	0	0	0	-0.277531	0.960717
2160.74	-339.807	0	0	0	-0.275899	0.961187
2161.22	-340.109	0	0	0	-0.274125	0.961694
2161.82	-340.483	0	0	0	-0.271139	0.96254
2162.31	-340.779	0	0	0	-0.268944	0.963156
2162.67	-341.001	0	0	0	-0.26729	0.963616
2163.16	-341.294	0	0	0	-0.265083	0.964226
2163.65	-341.586	0	0	0	-0.263137	0.964758
2164.15	-341.875	0	0	0	-0.260617	0.965442
2164.7	-342.198	0	0	0	-0.258108	0.966116
2165.26	-342.518	0	0	0	-0.256087	0.966654
2165.76	-342.799	0	0	0	-0.254265	0.967135
2166.26	-343.079	0	0	0	-0.252338	0.967639
2166.76	-343.357	0	0	0	-0.250971	0.967995
2167.2	-343.599	0	0	0	-0.24938	0.968406
2167.76	-343.909	0	0	0	-0.247832	0.968803
2168.27	-344.182	0	0	0	-0.246466	0.969151
2168.77	-344.456	0	0	0	-0.245446	0.96941
2169.27	-344.727	0	0	0	-0.244412	0.969671
2169.78	-344.998	0	0	0	-0.243521	0.969896
2170.28	-345.268	0	0	0	-0.24267	0.970109
2170.79	-345.537	0	0	0	-0.241906	0.9703
2171.29	-345.803	0	0	0	-0.241279	0.970456
2171.74	-346.036	0	0	0	-0.240527	0.970642
2172.31	-346.335	0	0	0	-0.239786	0.970826
2172.82	-346.601	0	0	0	-0.239371	0.970928
2173.33	-346.867	0	0	0	-0.239136	0.970986
2173.84	-347.133	0	0	0	-0.239023	0.971014
2174.34	-347.398	0	0	0	-0.239101	0.970995
2174.91	-347.696	0	0	0	-0.239171	0.970977
2175.36	-347.928	0	0	0	-0.239207	0.970969
2175.93	-348.228	0	0	0	-0.239434	0.970913
2176.38	-348.463	0	0	0	-0.239662	0.970856
2176.88	-348.73	0	0	0	-0.240071	0.970755
2177.33	-348.964	0	0	0	-0.2406	0.970624
2177.9	-349.267	0	0	0	-0.241166	0.970484
2178.41	-349.537	0	0	0	-0.24182	0.970321
2178.91	-349.807	0	0	0	-0.242461	0.970161
2179.42	-350.077	0	0	0	-0.243016	0.970022
2179.93	-350.348	0	0	0	-0.243516	0.969897
2180.43	-350.621	0	0	0	-0.243993	0.969777
2180.94	-350.895	0	0	0	-0.244582	0.969629
2181.45	-351.168	0	0	0	-0.245108	0.969496
2182.08	-351.511	0	0	0	-0.245672	0.969353
2182.46	-351.717	0	0	0	-0.245955	0.969281
2182.96	-351.992	0	0	0	-0.246262	0.969203
2183.47	-352.267	0	0	0	-0.246561	0.969127
2183.97	-352.544	0	0	0	-0.246701	0.969092
2184.48	-352.822	0	0	0	-0.246692	0.969094
2184.99	-353.1	0	0	0	-0.246547	0.969131
2185.49	-353.377	0	0	0	-0.246276	0.9692
2186.06	-353.689	0	0	0	-0.245985	0.969274
2186.44	-353.898	0	0	0	-0.245718	0.969341
2187.01	-354.211	0	0	0	-0.24522	0.969468
2187.52	-354.49	0	0	0	-0.244692	0.969601
2187.9	-354.699	0	0	0	-0.244053	0.969762
2188.53	-355.046	0	0	0	-0.242499	0.970152
2188.91	-355.254	0	0	0	-0.241332	0.970443
2189.55	-355.599	0	0	0	-0.23905	0.971007
2190.06	-355.873	0	0	0	-0.236823	0.971553
2190.57	-356.145	0	0	0	-0.23466	0.972078
2191.09	-356.414	0	0	0	-0.231517	0.972831
2191.48	-356.613	0	0	0	-0.229251	0.973367
2192.12	-356.941	0	0	0	-0.225425	0.974261
2192.64	-357.2	0	0	0	-0.222456	0.974943
2193.17	-357.456	0	0	0	-0.219774	0.975551
2193.69	-357.709	0	0	0	-0.216429	0.976298
2194.22	-357.96	0	0	0	-0.213463	0.976951
2194.75	-358.207	0	0	0	-0.210629	0.977566
2195.28	-358.451	0	0	0	-0.207877	0.978155
2195.67	-358.633	0	0	0	-0.205924	0.978568
2196.34	-358.932	0	0	0	-0.202778	0.979225
2196.87	-359.167	0	0	0	-0.200298	0.979735
2197.28	-359.342	0	0	0	-0.19846	0.980109
2197.95	-359.63	0	0	0	-0.195645	0.980675
2198.49	-359.859	0	0	0	-0.193947	0.981012
2199.03	-360.085	0	0	0	-0.192171	0.981361
2199.44	-360.254	0	0	0	-0.190872	0.981615
2200.11	-360.532	0	0	0	-0.188898	0.981997
2200.52	-360.695	0	0	0	-0.187838	0.9822
2201.2	-360.967	0	0	0	-0.186452	0.982464
2201.61	-361.131	0	0	0	-0.185239	0.982693
2202.3	-361.404	0	0	0	-0.183564	0.983008
2202.85	-361.619	0	0	0	-0.182426	0.98322
2203.26	-361.78	0	0	0	-0.181666	0.98336
2203.95	-362.046	0	0	0	-0.180054	0.983657
2204.36	-362.206	0	0	0	-0.178848	0.983877
2204.98	-362.442	0	0	0	-0.177548	0.984112
2205.46	-362.625	0	0	0	-0.176377	0.984323
2206.15	-362.882	0	0	0	-0.175032	0.984563
2206.7	-363.088	0	0	0	-0.173619	0.984813
2207.26	-363.294	0	0	0	-0.172457	0.985017
2207.68	-363.448	0	0	0	-0.171397	0.985202
2208.44	-363.726	0	0	0	-0.169988	0.985446
2208.79	-363.852	0	0	0	-0.16922	0.985578
2209.48	-364.1	0	0	0	-0.167524	0.985868
2210.04	-364.297	0	0	0	-0.166005	0.986125
2210.6	-364.493	0	0	0	-0.164801	0.986327
2211.01	-364.638	0	0	0	-0.163461	0.98655
2211.71	-364.88	0	0	0	-0.161442	0.986882
2212.27	-365.071	0	0	0	-0.159975	0.987121
2212.83	-365.259	0	0	0	-0.157876	0.987459
2213.24	-365.399	0	0	0	-0.155951	0.987765
2213.94	-365.627	0	0	0	-0.153363	0.98817
2214.5	-365.806	0	0	0	-0.150795	0.988565
2215.06	-365.983	0	0	0	-0.14885	0.98886
2215.62	-366.158	0	0	0	-0.146438	0.98922
2216.25	-366.351	0	0	0	-0.144197	0.989549
2216.75	-366.498	0	0	0	-0.142426	0.989805
2217.31	-366.664	0	0	0	-0.140493	0.990082
2217.87	-366.827	0	0	0	-0.138867	0.990311
2218.43	-366.988	0	0	0	-0.136881	0.990587
2218.99	-367.146	0	0	0	-0.13516	0.990824
2219.55	-367.302	0	0	0	-0.133605	0.991035
2220.12	-367.458	0	0	0	-0.132275	0.991213
2220.54	-367.574	0	0	0	-0.131285	0.991345
2221.24	-367.766	0	0	0	-0.129798	0.991541
2221.81	-367.917	0	0	0	-0.128923	0.991655
2222.37	-368.067	0	0	0	-0.128135	0.991757
2222.93	-368.217	0	0	0	-0.126928	0.991912
2223.49	-368.366	0	0	0	-0.125922	0.99204
2224.06	-368.514	0	0	0	-0.124729	0.992191
2224.63	-368.66	0	0	0	-0.123669	0.992323
2225.19	-368.805	0	0	0	-0.122645	0.992451
2225.75	-368.95	0	0	0	-0.121724	0.992564
2226.32	-369.093	0	0	0	-0.120853	0.99267
2226.74	-369.2	0	0	0	-0.120157	0.992755
2227.38	-369.358	0	0	0	-0.119168	0.992874
2228.02	-369.513	0	0	0	-0.117878	0.993028
2228.58	-369.65	0	0	0	-0.116881	0.993146
2229.01	-369.752	0	0	0	-0.115947	0.993255
2229.57	-369.888	0	0	0	-0.114726	0.993397
2230.14	-370.022	0	0	0	-0.113761	0.993508
2230.92	-370.202	0	0	0	-0.112609	0.993639
2231.49	-370.332	0	0	0	-0.11153	0.993761
2231.85	-370.414	0	0	0	-0.11088	0.993834
2232.41	-370.542	0	0	0	-0.109999	0.993932
2232.98	-370.67	0	0	0	-0.108848	0.994058
2233.55	-370.797	0	0	0	-0.107853	0.994167
2234.12	-370.922	0	0	0	-0.107037	0.994255
2234.82	-371.077	0	0	0	-0.105877	0.994379
2235.25	-371.168	0	0	0	-0.104965	0.994476
2235.88	-371.306	0	0	0	-0.103894	0.994588
2236.37	-371.413	0	0	0	-0.102917	0.99469
2236.94	-371.534	0	0	0	-0.101777	0.994807
2237.5	-371.651	0	0	0	-0.100557	0.994931
2238.06	-371.764	0	0	0	-0.0995885	0.995029
2238.77	-371.909	0	0	0	-0.0982202	0.995165
2239.19	-371.996	0	0	0	-0.0973459	0.995251
2239.75	-372.109	0	0	0	-0.0963496	0.995348
2240.24	-372.203	0	0	0	-0.0956872	0.995411
2240.87	-372.323	0	0	0	-0.0947585	0.9955
2241.43	-372.431	0	0	0	-0.093406	0.995628
2242.06	-372.553	0	0	0	-0.0922998	0.995731
2242.75	-372.685	0	0	0	-0.0910097	0.99585
2243.09	-372.749	0	0	0	-0.0903236	0.995912
2243.78	-372.876	0	0	0	-0.0888296	0.996047
2244.33	-372.976	0	0	0	-0.0875272	0.996162
2244.88	-373.075	0	0	0	-0.0862984	0.996269
2245.3	-373.146	0	0	0	-0.0854082	0.996346
2245.85	-373.241	0	0	0	-0.0842832	0.996442
2246.53	-373.357	0	0	0	-0.0829594	0.996553
2247.07	-373.449	0	0	0	-0.0819045	0.99664
2247.61	-373.538	0	0	0	-0.0809208	0.996721
2248.15	-373.626	0	0	0	-0.0798378	0.996808
2248.69	-373.714	0	0	0	-0.079147	0.996863
2249.29	-373.812	0	0	0	-0.0785473	0.99691
2249.76	-373.887	0	0	0	-0.0781541	0.996941
2250.16	-373.951	0	0	0	-0.0778505	0.996965
2250.62	-374.026	0	0	0	-0.0776945	0.996977
2251.35	-374.143	0	0	0	-0.0774756	0.996994
2251.88	-374.226	0	0	0	-0.0772677	0.99701
2252.4	-374.308	0	0	0	-0.0773954	0.997
2252.92	-374.387	0	0	0	-0.0773106	0.997007
2253.44	-374.469	0	0	0	-0.0777877	0.99697
2253.89	-374.542	0	0	0	-0.0778769	0.996963
2254.35	-374.616	0	0	0	-0.0780992	0.996946
2254.99	-374.722	0	0	0	-0.0782772	0.996932
2255.5	-374.801	0	0	0	-0.0786032	0.996906
2255.88	-374.859	0	0	0	-0.0787961	0.996891
2256.38	-374.937	0	0	0	-0.0787711	0.996893
2256.95	-375.028	0	0	0	-0.0788703	0.996885
2257.45	-375.108	0	0	0	-0.078821	0.996889
2257.95	-375.189	0	0	0	-0.0789885	0.996876
2258.45	-375.267	0	0	0	-0.0794804	0.996836
2259.01	-375.355	0	0	0	-0.0798438	0.996807
2259.51	-375.434	0	0	0	-0.0800805	0.996788
2259.95	-375.503	0	0	0	-0.08024	0.996776
2260.51	-375.592	0	0	0	-0.080395	0.996763
2261.06	-375.68	0	0	0	-0.0807229	0.996737
2261.5	-375.749	0	0	0	-0.0809108	0.996721
2261.99	-375.83	0	0	0	-0.0809586	0.996717
2262.49	-375.909	0	0	0	-0.0808764	0.996724
2262.92	-375.979	0	0	0	-0.081151	0.996702
2263.41	-376.057	0	0	0	-0.0811969	0.996698
2263.97	-376.145	0	0	0	-0.0811022	0.996706
2264.4	-376.215	0	0	0	-0.0810244	0.996712
2264.89	-376.295	0	0	0	-0.0809233	0.99672
2265.45	-376.386	0	0	0	-0.0807179	0.996737
2265.94	-376.466	0	0	0	-0.0800715	0.996789
2266.43	-376.545	0	0	0	-0.0795367	0.996832
2266.98	-376.632	0	0	0	-0.0787088	0.996898
2267.41	-376.699	0	0	0	-0.0778744	0.996963
2267.9	-376.775	0	0	0	-0.0765379	0.997067
2268.39	-376.85	0	0	0	-0.075117	0.997175
2268.81	-376.914	0	0	0	-0.074042	0.997255
2269.31	-376.986	0	0	0	-0.0720863	0.997398
2269.86	-377.065	0	0	0	-0.0697487	0.997565
2270.29	-377.124	0	0	0	-0.0677584	0.997702
2270.9	-377.204	0	0	0	-0.06475	0.997902
2271.27	-377.251	0	0	0	-0.0627835	0.998027
2271.82	-377.317	0	0	0	-0.0597013	0.998216
2272.31	-377.374	0	0	0	-0.0568302	0.998384
2272.74	-377.421	0	0	0	-0.0543256	0.998523
2273.29	-377.479	0	0	0	-0.051146	0.998691
2273.78	-377.526	0	0	0	-0.0486791	0.998814
2274.21	-377.565	0	0	0	-0.0457589	0.998953
2274.7	-377.607	0	0	0	-0.043133	0.999069
2275.25	-377.651	0	0	0	-0.0399497	0.999202
2275.68	-377.683	0	0	0	-0.0370529	0.999313
2276.23	-377.722	0	0	0	-0.0335465	0.999437
2276.72	-377.753	0	0	0	-0.0302367	0.999543
2277.15	-377.777	0	0	0	-0.0277668	0.999614
2277.64	-377.8	0	0	0	-0.0241065	0.999709
2278.19	-377.822	0	0	0	-0.0202969	0.999794
2278.68	-377.84	0	0	0	-0.0168475	0.999858
2279.16	-377.854	0	0	0	-0.0134239	0.99991
2279.59	-377.865	0	0	0	-0.0110156	0.999939
2280.14	-377.875	0	0	0	-0.00672479	0.999977
2280.56	-377.88	0	0	0	-0.00377183	0.999993
2281.11	-377.882	0	0	0	6.21634e-05	1
2281.6	-377.879	0	0	0	0.00336766	0.999994
2282.09	-377.875	0	0	0	0.00635762	0.99998
2282.51	-377.869	0	0	0	0.009929	0.999951
2283.06	-377.858	0	0	0	0.0138587	0.999904
2283.61	-377.842	0	0	0	0.0177392	0.999843
2284.04	-377.826	0	0	0	0.0206562	0.999787
2284.52	-377.805	0	0	0	0.0241908	0.999707
2285	-377.781	0	0	0	0.0272228	0.999629
2285.49	-377.753	0	0	0	0.0310602	0.999518
2285.97	-377.722	0	0	0	0.0339296	0.999424
2286.45	-377.688	0	0	0	0.0375164	0.999296
2286.81	-377.661	0	0	0	0.0395943	0.999216
2287.23	-377.629	0	0	0	0.042855	0.999081
2287.89	-377.571	0	0	0	0.0469784	0.998896
2288.42	-377.52	0	0	0	0.0498999	0.998754
2288.95	-377.465	0	0	0	0.0525504	0.998618
2289.13	-377.446	0	0	0	0.0538221	0.998551
2289.72	-377.38	0	0	0	0.0567392	0.998389
2290.07	-377.339	0	0	0	0.0584029	0.998293
2290.65	-377.269	0	0	0	0.0613681	0.998115
2291.17	-377.204	0	0	0	0.0639744	0.997952
2291.64	-377.143	0	0	0	0.0661633	0.997809
2292.09	-377.079	0	0	0	0.0683139	0.997664
2292.61	-377.004	0	0	0	0.0710532	0.997473
2292.95	-376.953	0	0	0	0.0729149	0.997338
2293.46	-376.877	0	0	0	0.0758193	0.997122
2293.8	-376.825	0	0	0	0.077615	0.996983
2294.19	-376.763	0	0	0	0.0796382	0.996824
2294.64	-376.688	0	0	0	0.082007	0.996632
2295.26	-376.582	0	0	0	0.0853736	0.996349
2295.6	-376.523	0	0	0	0.0872755	0.996184
2296.16	-376.422	0	0	0	0.0907038	0.995878
2296.6	-376.34	0	0	0	0.0932814	0.99564
2297.05	-376.257	0	0	0	0.0967237	0.995311
2297.49	-376.169	0	0	0	0.099249	0.995063
2297.94	-376.079	0	0	0	0.101918	0.994793
2298.38	-375.984	0	0	0	0.104725	0.994501
2298.76	-375.9	0	0	0	0.106807	0.99428
2299.1	-375.826	0	0	0	0.108303	0.994118
2299.54	-375.727	0	0	0	0.110426	0.993884
2300.09	-375.599	0	0	0	0.111975	0.993711
2300.42	-375.521	0	0	0	0.112501	0.993652
2301.03	-375.378	0	0	0	0.113212	0.993571
2301.42	-375.286	0	0	0	0.113354	0.993555
2301.92	-375.168	0	0	0	0.113056	0.993589
2302.36	-375.063	0	0	0	0.112442	0.993658
2302.81	-374.961	0	0	0	0.111583	0.993755
2303.25	-374.86	0	0	0	0.110987	0.993822
2303.7	-374.759	0	0	0	0.110274	0.993901
2304.15	-374.657	0	0	0	0.109568	0.993979
2304.54	-374.569	0	0	0	0.108706	0.994074
2305.16	-374.431	0	0	0	0.107812	0.994171
2305.49	-374.357	0	0	0	0.107461	0.994209
2305.95	-374.258	0	0	0	0.106727	0.994288
2306.34	-374.171	0	0	0	0.106058	0.99436
2306.79	-374.073	0	0	0	0.105402	0.99443
2307.3	-373.963	0	0	0	0.104645	0.99451
2307.76	-373.866	0	0	0	0.104218	0.994554
2308.21	-373.771	0	0	0	0.103553	0.994624
2308.61	-373.687	0	0	0	0.103067	0.994674
2309.13	-373.579	0	0	0	0.102614	0.994721
2309.53	-373.494	0	0	0	0.102309	0.994753
2309.99	-373.397	0	0	0	0.101862	0.994799
2310.45	-373.3	0	0	0	0.10134	0.994852
2310.92	-373.204	0	0	0	0.100884	0.994898
2311.44	-373.095	0	0	0	0.100436	0.994944
2311.85	-373.009	0	0	0	0.0999624	0.994991
2312.37	-372.897	0	0	0	0.0992992	0.995058
2312.84	-372.799	0	0	0	0.0986858	0.995119
2313.31	-372.7	0	0	0	0.0983226	0.995155
2313.78	-372.602	0	0	0	0.0977563	0.99521
2314.25	-372.504	0	0	0	0.0970412	0.99528
2314.72	-372.408	0	0	0	0.0963843	0.995344
2315.14	-372.325	0	0	0	0.0959414	0.995387
2315.68	-372.219	0	0	0	0.0955601	0.995424
2316.15	-372.125	0	0	0	0.0951734	0.995461
2316.63	-372.03	0	0	0	0.0949181	0.995485
2317.11	-371.936	0	0	0	0.0947389	0.995502
2317.59	-371.843	0	0	0	0.0947075	0.995505
2318.08	-371.75	0	0	0	0.0947652	0.9955
2318.56	-371.656	0	0	0	0.0949335	0.995484
2319.11	-371.548	0	0	0	0.0952839	0.99545
2319.54	-371.464	0	0	0	0.0956069	0.995419
2320.03	-371.368	0	0	0	0.0960319	0.995378
2320.51	-371.271	0	0	0	0.0964913	0.995334
2321	-371.173	0	0	0	0.0968377	0.9953
2321.56	-371.063	0	0	0	0.0976901	0.995217
2321.99	-370.977	0	0	0	0.0984659	0.99514
2322.48	-370.875	0	0	0	0.0995351	0.995034
2322.97	-370.771	0	0	0	0.100583	0.994929
2323.47	-370.668	0	0	0	0.101713	0.994814
2323.96	-370.564	0	0	0	0.103659	0.994613
2324.46	-370.457	0	0	0	0.105023	0.99447
2324.96	-370.348	0	0	0	0.107141	0.994244
2325.45	-370.235	0	0	0	0.109206	0.994019
2325.95	-370.122	0	0	0	0.112203	0.993685
2326.45	-370.006	0	0	0	0.116078	0.99324
2326.95	-369.885	0	0	0	0.119387	0.992848
2327.46	-369.758	0	0	0	0.124019	0.99228
2327.89	-369.644	0	0	0	0.128055	0.991767
2328.46	-369.494	0	0	0	0.132983	0.991118
2328.96	-369.354	0	0	0	0.138537	0.990357
2329.46	-369.209	0	0	0	0.142821	0.989749
2329.96	-369.057	0	0	0	0.148392	0.988929
2330.52	-368.879	0	0	0	0.154094	0.988056
2331.02	-368.716	0	0	0	0.158557	0.98735
2331.46	-368.569	0	0	0	0.163743	0.986503
2331.96	-368.395	0	0	0	0.169154	0.98559
2332.46	-368.216	0	0	0	0.174654	0.98463
2332.96	-368.03	0	0	0	0.179456	0.983766
2333.46	-367.838	0	0	0	0.184906	0.982756
2333.96	-367.641	0	0	0	0.19119	0.981553
2334.58	-367.385	0	0	0	0.197431	0.980317
2335.01	-367.201	0	0	0	0.202184	0.979348
2335.44	-367.012	0	0	0	0.207656	0.978202
2335.94	-366.79	0	0	0	0.213051	0.977041
2336.43	-366.561	0	0	0	0.21838	0.975864
2336.92	-366.327	0	0	0	0.22294	0.974832
2337.42	-366.088	0	0	0	0.228729	0.97349
2337.91	-365.843	0	0	0	0.233237	0.97242
2338.46	-365.562	0	0	0	0.238853	0.971056
2338.89	-365.338	0	0	0	0.243197	0.969977
2339.37	-365.077	0	0	0	0.248801	0.968555
2339.98	-364.742	0	0	0	0.254866	0.966976
2340.34	-364.537	0	0	0	0.25783	0.96619
2340.94	-364.188	0	0	0	0.263439	0.964676
2341.37	-363.938	0	0	0	0.267354	0.963598
2341.79	-363.685	0	0	0	0.270469	0.962729
2342.27	-363.393	0	0	0	0.273718	0.96181
2342.74	-363.097	0	0	0	0.276265	0.961082
2343.22	-362.796	0	0	0	0.279204	0.960232
2343.58	-362.568	0	0	0	0.280765	0.959777
2344.18	-362.183	0	0	0	0.283701	0.958913
2344.66	-361.87	0	0	0	0.285862	0.958271
2345.08	-361.595	0	0	0	0.287504	0.957779
2345.62	-361.242	0	0	0	0.28946	0.95719
2346.15	-360.885	0	0	0	0.290979	0.956729
2346.57	-360.605	0	0	0	0.292348	0.956312
2347.04	-360.286	0	0	0	0.293771	0.955876
2347.52	-359.963	0	0	0	0.295087	0.955471
2347.87	-359.721	0	0	0	0.295815	0.955245
2348.46	-359.316	0	0	0	0.297103	0.954845
2348.94	-358.991	0	0	0	0.29826	0.954485
2349.41	-358.666	0	0	0	0.299573	0.954074
2349.88	-358.339	0	0	0	0.300654	0.953733
2350.35	-358.01	0	0	0	0.301869	0.953349
2350.81	-357.681	0	0	0	0.302785	0.953059
2351.28	-357.348	0	0	0	0.303807	0.952734
2351.81	-356.97	0	0	0	0.304724	0.952441
2352.21	-356.676	0	0	0	0.305448	0.952209
2352.68	-356.339	0	0	0	0.306508	0.951868
2353.27	-355.917	0	0	0	0.307656	0.951498
2353.63	-355.662	0	0	0	0.308351	0.951273
2354.1	-355.319	0	0	0	0.309319	0.950958
2354.57	-354.975	0	0	0	0.310176	0.950679
2355.04	-354.631	0	0	0	0.311265	0.950323
2355.57	-354.242	0	0	0	0.312385	0.949956
2355.99	-353.938	0	0	0	0.313135	0.949709
2356.46	-353.589	0	0	0	0.314034	0.949412
2356.94	-353.237	0	0	0	0.31484	0.949145
2357.41	-352.883	0	0	0	0.315858	0.948807
2357.88	-352.528	0	0	0	0.316776	0.9485
2358.36	-352.173	0	0	0	0.317703	0.94819
2358.89	-351.769	0	0	0	0.318833	0.947811
2359.37	-351.408	0	0	0	0.319751	0.947502
2359.78	-351.092	0	0	0	0.320575	0.947223
2360.26	-350.728	0	0	0	0.321421	0.946936
2360.74	-350.363	0	0	0	0.32225	0.946654
2361.21	-349.996	0	0	0	0.323173	0.94634
2361.69	-349.629	0	0	0	0.323957	0.946072
2362.17	-349.261	0	0	0	0.325102	0.945679
2362.64	-348.891	0	0	0	0.326058	0.94535
2363.12	-348.518	0	0	0	0.32695	0.945042
2363.6	-348.146	0	0	0	0.327879	0.94472
2364.07	-347.772	0	0	0	0.328726	0.944425
2364.55	-347.395	0	0	0	0.329617	0.944115
2365.03	-347.018	0	0	0	0.330349	0.943859
2365.51	-346.639	0	0	0	0.331191	0.943564
2365.98	-346.259	0	0	0	0.331999	0.94328
2366.46	-345.878	0	0	0	0.332752	0.943014
2366.94	-345.497	0	0	0	0.333811	0.94264
2367.42	-345.111	0	0	0	0.334544	0.94238
2367.89	-344.724	0	0	0	0.335434	0.942064
2368.37	-344.336	0	0	0	0.336333	0.941743
2369.03	-343.802	0	0	0	0.337399	0.941362
2369.32	-343.559	0	0	0	0.337937	0.941169
2369.8	-343.171	0	0	0	0.338537	0.940953
2370.27	-342.782	0	0	0	0.339395	0.940644
2370.74	-342.392	0	0	0	0.340267	0.940329
2371.21	-342.001	0	0	0	0.340962	0.940077
2371.68	-341.612	0	0	0	0.342015	0.939694
2372.27	-341.124	0	0	0	0.343954	0.938986
2372.63	-340.83	0	0	0	0.344747	0.938695
2373.1	-340.435	0	0	0	0.346072	0.938208
2373.68	-339.94	0	0	0	0.347633	0.937631
2374.03	-339.642	0	0	0	0.348511	0.937305
2374.49	-339.244	0	0	0	0.349542	0.936921
2374.95	-338.847	0	0	0	0.350511	0.936559
2375.41	-338.448	0	0	0	0.351507	0.936185
2375.92	-337.998	0	0	0	0.352356	0.935866
2376.32	-337.647	0	0	0	0.353233	0.935536
2376.77	-337.247	0	0	0	0.354418	0.935087
2377.22	-336.844	0	0	0	0.355252	0.93477
2377.68	-336.443	0	0	0	0.356189	0.934414
2378.13	-336.042	0	0	0	0.35701	0.934101
2378.57	-335.64	0	0	0	0.358017	0.933715
2379.02	-335.238	0	0	0	0.358865	0.93339
2379.46	-334.835	0	0	0	0.359848	0.933011
2379.91	-334.432	0	0	0	0.360994	0.932568
2380.35	-334.027	0	0	0	0.361865	0.932231
2380.96	-333.473	0	0	0	0.363214	0.931706
2381.24	-333.22	0	0	0	0.363843	0.93146
2381.68	-332.814	0	0	0	0.364783	0.931092
2382.12	-332.406	0	0	0	0.365534	0.930798
2382.56	-331.999	0	0	0	0.366346	0.930479
2383	-331.592	0	0	0	0.36747	0.930035
2383.43	-331.183	0	0	0	0.368335	0.929693
2383.87	-330.774	0	0	0	0.369391	0.929274
2384.37	-330.312	0	0	0	0.370376	0.928882
2384.75	-329.952	0	0	0	0.371331	0.928501
2385.19	-329.539	0	0	0	0.372453	0.928051
2385.62	-329.125	0	0	0	0.373368	0.927683
2386.06	-328.709	0	0	0	0.374318	0.9273
2386.49	-328.29	0	0	0	0.375198	0.926945
2387.03	-327.765	0	0	0	0.376371	0.926469
2387.36	-327.45	0	0	0	0.377209	0.926128
2387.79	-327.029	0	0	0	0.378156	0.925742
2388.22	-326.607	0	0	0	0.378998	0.925398
2388.65	-326.185	0	0	0	0.379856	0.925045
2389.07	-325.764	0	0	0	0.380697	0.9247
2389.55	-325.288	0	0	0	0.381867	0.924217
2389.93	-324.918	0	0	0	0.382582	0.923921
2390.35	-324.496	0	0	0	0.383442	0.923565
2390.72	-324.127	0	0	0	0.384494	0.923128
2391.2	-323.651	0	0	0	0.385653	0.922644
2391.62	-323.228	0	0	0	0.386725	0.922195
2392.03	-322.804	0	0	0	0.387902	0.9217
2392.45	-322.379	0	0	0	0.389031	0.921225
2392.86	-321.954	0	0	0	0.389972	0.920827
2393.27	-321.528	0	0	0	0.391014	0.920385
2393.69	-321.103	0	0	0	0.392098	0.919924
2394.1	-320.677	0	0	0	0.393043	0.91952
2394.56	-320.2	0	0	0	0.393952	0.919131
2394.91	-319.829	0	0	0	0.394981	0.918689
2395.32	-319.403	0	0	0	0.396027	0.918239
2395.72	-318.975	0	0	0	0.397323	0.917679
2396.08	-318.599	0	0	0	0.398108	0.917339
2396.58	-318.062	0	0	0	0.399355	0.916796
2396.94	-317.685	0	0	0	0.400311	0.916379
2397.34	-317.253	0	0	0	0.401074	0.916046
2397.74	-316.82	0	0	0	0.40206	0.915613
2398.14	-316.385	0	0	0	0.402984	0.915207
2398.64	-315.839	0	0	0	0.40419	0.914675
2398.94	-315.509	0	0	0	0.404918	0.914353
2399.34	-315.067	0	0	0	0.405743	0.913987
2399.74	-314.622	0	0	0	0.406815	0.913511
2400.15	-314.176	0	0	0	0.407687	0.913122
2400.55	-313.727	0	0	0	0.408685	0.912676
2400.96	-313.275	0	0	0	0.409658	0.912239
2401.46	-312.709	0	0	0	0.410712	0.911765
2401.77	-312.368	0	0	0	0.411442	0.911436
2402.18	-311.909	0	0	0	0.412242	0.911075
2402.48	-311.562	0	0	0	0.41301	0.910726
2402.99	-310.982	0	0	0	0.414279	0.91015
2403.4	-310.517	0	0	0	0.415245	0.90971
2403.81	-310.049	0	0	0	0.416239	0.909255
2404.22	-309.576	0	0	0	0.417129	0.908847
2404.63	-309.101	0	0	0	0.417906	0.90849
2405.04	-308.623	0	0	0	0.418822	0.908068
2405.55	-308.023	0	0	0	0.419843	0.907597
2405.86	-307.663	0	0	0	0.420642	0.907227
2406.27	-307.181	0	0	0	0.42158	0.906791
2406.68	-306.696	0	0	0	0.422662	0.906287
2407.08	-306.21	0	0	0	0.423897	0.90571
2407.49	-305.725	0	0	0	0.42505	0.90517
2407.9	-305.238	0	0	0	0.4265	0.904488
2408.3	-304.748	0	0	0	0.427657	0.903941
2408.7	-304.257	0	0	0	0.428936	0.903335
2409.11	-303.764	0	0	0	0.430651	0.902518
2409.61	-303.146	0	0	0	0.432971	0.901408
2409.92	-302.773	0	0	0	0.434396	0.900722
2410.32	-302.273	0	0	0	0.436388	0.899759
2410.76	-301.707	0	0	0	0.438258	0.898849
2411.06	-301.329	0	0	0	0.439876	0.898059
2411.5	-300.761	0	0	0	0.441834	0.897097
2411.89	-300.253	0	0	0	0.44361	0.89622
2412.28	-299.744	0	0	0	0.445364	0.895349
2412.67	-299.232	0	0	0	0.447459	0.894305
2413.06	-298.718	0	0	0	0.449419	0.893321
2413.45	-298.2	0	0	0	0.45104	0.892504
2413.83	-297.682	0	0	0	0.453179	0.891419
2414.21	-297.162	0	0	0	0.454979	0.890502
2414.59	-296.64	0	0	0	0.456804	0.889568
2414.97	-296.115	0	0	0	0.458616	0.888635
2415.35	-295.586	0	0	0	0.460162	0.887835
2415.73	-295.054	0	0	0	0.462198	0.886777
2416.1	-294.521	0	0	0	0.463798	0.885941
2416.48	-293.986	0	0	0	0.465848	0.884865
2416.85	-293.449	0	0	0	0.467592	0.883945
2417.22	-292.911	0	0	0	0.469036	0.883179
2417.59	-292.37	0	0	0	0.471008	0.882129
2418.01	-291.758	0	0	0	0.472814	0.881162
2418.33	-291.279	0	0	0	0.473834	0.880614
2418.69	-290.73	0	0	0	0.474847	0.880068
2419.06	-290.18	0	0	0	0.475625	0.879648
2419.46	-289.559	0	0	0	0.476648	0.879094
2419.78	-289.077	0	0	0	0.477381	0.878696
2420.15	-288.524	0	0	0	0.478269	0.878213
2420.51	-287.968	0	0	0	0.479121	0.877749
2421.01	-287.2	0	0	0	0.480443	0.877026
2421.24	-286.849	0	0	0	0.481049	0.876694
2421.6	-286.288	0	0	0	0.481874	0.876241
2421.97	-285.725	0	0	0	0.482463	0.875916
2422.33	-285.163	0	0	0	0.482863	0.875696
2422.69	-284.6	0	0	0	0.483324	0.875442
2423.05	-284.035	0	0	0	0.483822	0.875167
2423.41	-283.469	0	0	0	0.484357	0.874871
2423.77	-282.902	0	0	0	0.484778	0.874637
2424.13	-282.333	0	0	0	0.485227	0.874388
2424.49	-281.764	0	0	0	0.48564	0.874159
2424.85	-281.194	0	0	0	0.485905	0.874012
2425.2	-280.622	0	0	0	0.486224	0.873834
2425.56	-280.048	0	0	0	0.486589	0.873631
2425.96	-279.402	0	0	0	0.486866	0.873477
2426.28	-278.9	0	0	0	0.487037	0.873381
2426.63	-278.326	0	0	0	0.487187	0.873298
2426.99	-277.751	0	0	0	0.487397	0.873181
2427.34	-277.176	0	0	0	0.487674	0.873026
2427.7	-276.6	0	0	0	0.488002	0.872842
2428.05	-276.023	0	0	0	0.488294	0.872679
2428.36	-275.519	0	0	0	0.488509	0.872559
2428.77	-274.871	0	0	0	0.488834	0.872377
2429.12	-274.293	0	0	0	0.489118	0.872218
2429.47	-273.715	0	0	0	0.48945	0.872031
2429.83	-273.136	0	0	0	0.489862	0.8718
2430.18	-272.557	0	0	0	0.490621	0.871373
2430.54	-271.976	0	0	0	0.491249	0.871019
2430.89	-271.394	0	0	0	0.491885	0.87066
2431.24	-270.81	0	0	0	0.492566	0.870275
2431.59	-270.226	0	0	0	0.493203	0.869914
2431.94	-269.641	0	0	0	0.49419	0.869354
2432.34	-268.981	0	0	0	0.495342	0.868698
2432.64	-268.467	0	0	0	0.496363	0.868115
2433.03	-267.806	0	0	0	0.497853	0.867261
2433.33	-267.291	0	0	0	0.499151	0.866515
2433.68	-266.699	0	0	0	0.501151	0.86536
2434.02	-266.106	0	0	0	0.502884	0.864354
2434.32	-265.585	0	0	0	0.505071	0.863078
2434.7	-264.913	0	0	0	0.507536	0.861631
2435.03	-264.313	0	0	0	0.509312	0.860582
2435.36	-263.711	0	0	0	0.511743	0.859139
2435.69	-263.106	0	0	0	0.513788	0.857917
2436.02	-262.5	0	0	0	0.515877	0.856663
2436.34	-261.891	0	0	0	0.518086	0.855328
2436.66	-261.28	0	0	0	0.51992	0.854215
2436.98	-260.668	0	0	0	0.522269	0.852781
2437.3	-260.054	0	0	0	0.524352	0.851501
2437.62	-259.438	0	0	0	0.526305	0.850296
2437.93	-258.82	0	0	0	0.528064	0.849204
2438.28	-258.121	0	0	0	0.529835	0.848101
2438.55	-257.575	0	0	0	0.531459	0.847084
2438.93	-256.793	0	0	0	0.533239	0.845965
2439.16	-256.322	0	0	0	0.534149	0.84539
2439.46	-255.692	0	0	0	0.535721	0.844395
2439.76	-255.061	0	0	0	0.536954	0.843611
2440.06	-254.429	0	0	0	0.538105	0.842878
2440.35	-253.797	0	0	0	0.539082	0.842253
2440.65	-253.162	0	0	0	0.539959	0.841691
2440.98	-252.445	0	0	0	0.541156	0.840922
2441.27	-251.806	0	0	0	0.542015	0.840369
2441.53	-251.246	0	0	0	0.542753	0.839893
2441.82	-250.605	0	0	0	0.543465	0.839432
2442.11	-249.962	0	0	0	0.544195	0.838959
2442.4	-249.319	0	0	0	0.544738	0.838607
2442.69	-248.676	0	0	0	0.54532	0.838228
2442.98	-248.031	0	0	0	0.545901	0.83785
2443.27	-247.385	0	0	0	0.546492	0.837464
2443.56	-246.738	0	0	0	0.547002	0.837131
2443.85	-246.091	0	0	0	0.547634	0.836718
2444.13	-245.442	0	0	0	0.548267	0.836303
2444.49	-244.629	0	0	0	0.549042	0.835795
2444.71	-244.139	0	0	0	0.54943	0.83554
2444.99	-243.486	0	0	0	0.549949	0.835198
2445.27	-242.832	0	0	0	0.55044	0.834874
2445.56	-242.177	0	0	0	0.550877	0.834586
2445.84	-241.522	0	0	0	0.551492	0.83418
2446.12	-240.866	0	0	0	0.552024	0.833828
2446.4	-240.209	0	0	0	0.552727	0.833362
2446.68	-239.551	0	0	0	0.55362	0.83277
2446.96	-238.891	0	0	0	0.554489	0.832191
2447.24	-238.231	0	0	0	0.555542	0.831488
2447.48	-237.652	0	0	0	0.556212	0.83104
2447.82	-236.825	0	0	0	0.557438	0.830218
2448.06	-236.245	0	0	0	0.558353	0.829603
2448.33	-235.583	0	0	0	0.559167	0.829055
2448.6	-234.919	0	0	0	0.560188	0.828366
2448.87	-234.253	0	0	0	0.561052	0.827781
2449.17	-233.504	0	0	0	0.561963	0.827162
2449.4	-232.921	0	0	0	0.562957	0.826486
2449.67	-232.255	0	0	0	0.563836	0.825887
2449.93	-231.588	0	0	0	0.564889	0.825167
2450.19	-230.921	0	0	0	0.565741	0.824583
2450.46	-230.253	0	0	0	0.566713	0.823915
2450.71	-229.583	0	0	0	0.567869	0.823119
2450.97	-228.912	0	0	0	0.568977	0.822354
2451.23	-228.242	0	0	0	0.570177	0.821522
2451.45	-227.654	0	0	0	0.571213	0.820802
2451.73	-226.9	0	0	0	0.573145	0.819454
2451.97	-226.229	0	0	0	0.574865	0.818248
2452.22	-225.557	0	0	0	0.576538	0.81707
2452.46	-224.882	0	0	0	0.578754	0.815502
2452.7	-224.205	0	0	0	0.580664	0.814143
2452.93	-223.527	0	0	0	0.582266	0.812998
2453.16	-222.849	0	0	0	0.584417	0.811454
2453.39	-222.17	0	0	0	0.586069	0.810261
2453.59	-221.576	0	0	0	0.588064	0.808815
2453.84	-220.81	0	0	0	0.590257	0.807215
2454.03	-220.213	0	0	0	0.591668	0.806182
2454.28	-219.445	0	0	0	0.594099	0.804392
2454.47	-218.845	0	0	0	0.595846	0.803099
2454.7	-218.071	0	0	0	0.598007	0.801491
2454.91	-217.381	0	0	0	0.599979	0.800016
2455.12	-216.691	0	0	0	0.601805	0.798643
2455.32	-216	0	0	0	0.603598	0.797289
2455.52	-215.31	0	0	0	0.605243	0.796041
2455.71	-214.618	0	0	0	0.607337	0.794444
2455.9	-213.924	0	0	0	0.60931	0.792932
2456.09	-213.229	0	0	0	0.611218	0.791463
2456.28	-212.532	0	0	0	0.613064	0.790034
2456.46	-211.834	0	0	0	0.614684	0.788773
2456.64	-211.134	0	0	0	0.61665	0.787237
2456.82	-210.434	0	0	0	0.618318	0.785928
2457.01	-209.644	0	0	0	0.62003	0.784578
2457.16	-209.028	0	0	0	0.621502	0.783412
2457.33	-208.324	0	0	0	0.622674	0.782481
2457.49	-207.618	0	0	0	0.623978	0.781442
2457.69	-206.734	0	0	0	0.624949	0.780666
2457.81	-206.202	0	0	0	0.625207	0.780459
2457.97	-205.492	0	0	0	0.625324	0.780365
2458.11	-204.871	0	0	0	0.625433	0.780278
2458.29	-204.072	0	0	0	0.625586	0.780155
2458.45	-203.362	0	0	0	0.62597	0.779847
2458.61	-202.65	0	0	0	0.62644	0.77947
2458.77	-201.938	0	0	0	0.626617	0.779328
2458.95	-201.135	0	0	0	0.626761	0.779212
2459.09	-200.509	0	0	0	0.626854	0.779137
2459.25	-199.794	0	0	0	0.627051	0.778979
2459.41	-199.078	0	0	0	0.627297	0.77878
2459.57	-198.363	0	0	0	0.627582	0.77855
2459.73	-197.648	0	0	0	0.627958	0.778247
2459.88	-196.933	0	0	0	0.628463	0.777839
2460.04	-196.217	0	0	0	0.629235	0.777215
2460.2	-195.5	0	0	0	0.63002	0.776579
2460.37	-194.691	0	0	0	0.630876	0.775883
2460.51	-194.06	0	0	0	0.631647	0.775256
2460.66	-193.34	0	0	0	0.632674	0.774418
2460.83	-192.528	0	0	0	0.633783	0.773511
2460.96	-191.898	0	0	0	0.634641	0.772807
2461.1	-191.177	0	0	0	0.635649	0.771978
2461.26	-190.364	0	0	0	0.636655	0.771149
2461.39	-189.731	0	0	0	0.637641	0.770333
2461.53	-189.006	0	0	0	0.638657	0.769492
2461.67	-188.28	0	0	0	0.6396	0.768708
2461.8	-187.554	0	0	0	0.640542	0.767923
2461.93	-186.828	0	0	0	0.641388	0.767217
2462.08	-186.012	0	0	0	0.642598	0.766203
2462.2	-185.377	0	0	0	0.643467	0.765474
2462.34	-184.559	0	0	0	0.644558	0.764555
2462.45	-183.922	0	0	0	0.645576	0.763696
2462.58	-183.193	0	0	0	0.646585	0.762842
2462.7	-182.466	0	0	0	0.647643	0.761944
2462.83	-181.741	0	0	0	0.648579	0.761147
2462.97	-180.834	0	0	0	0.649611	0.760267
2463.06	-180.289	0	0	0	0.65042	0.759574
2463.18	-179.561	0	0	0	0.65156	0.758597
2463.29	-178.833	0	0	0	0.652495	0.757793
2463.4	-178.106	0	0	0	0.653616	0.756826
2463.53	-177.29	0	0	0	0.65459	0.755984
2463.62	-176.654	0	0	0	0.655456	0.755233
2463.71	-176.018	0	0	0	0.656343	0.754463
2463.82	-175.292	0	0	0	0.65755	0.753411
2463.93	-174.474	0	0	0	0.658539	0.752547
2464.03	-173.747	0	0	0	0.659583	0.751632
2464.12	-173.11	0	0	0	0.66055	0.750782
2464.23	-172.291	0	0	0	0.661635	0.749826
2464.32	-171.563	0	0	0	0.662633	0.748944
2464.4	-170.926	0	0	0	0.663308	0.748347
2464.49	-170.197	0	0	0	0.664391	0.747386
2464.58	-169.469	0	0	0	0.665207	0.746659
2464.67	-168.74	0	0	0	0.666237	0.74574
2464.77	-167.921	0	0	0	0.667589	0.74453
2464.84	-167.283	0	0	0	0.668363	0.743835
2464.92	-166.553	0	0	0	0.669555	0.742762
2465	-165.822	0	0	0	0.67054	0.741874
2465.08	-165.092	0	0	0	0.671277	0.741207
2465.15	-164.363	0	0	0	0.672274	0.740303
2465.24	-163.543	0	0	0	0.673465	0.739219
2465.3	-162.905	0	0	0	0.674421	0.738347
2465.38	-162.082	0	0	0	0.675629	0.737241
2465.45	-161.35	0	0	0	0.676548	0.736399
2465.51	-160.71	0	0	0	0.677493	0.73553
2465.59	-159.796	0	0	0	0.678666	0.734447
2465.63	-159.248	0	0	0	0.679273	0.733886
2465.7	-158.425	0	0	0	0.680419	0.732823
2465.76	-157.693	0	0	0	0.681322	0.731983
2465.82	-156.96	0	0	0	0.682497	0.730889
2465.87	-156.318	0	0	0	0.683177	0.730253
2465.92	-155.584	0	0	0	0.684205	0.72929
2465.98	-154.85	0	0	0	0.685149	0.728403
2466.03	-154.027	0	0	0	0.686275	0.727342
2466.08	-153.295	0	0	0	0.687773	0.725926
2466.13	-152.562	0	0	0	0.689132	0.724635
2466.18	-151.737	0	0	0	0.690543	0.723291
2466.23	-150.819	0	0	0	0.692484	0.721433
2466.25	-150.359	0	0	0	0.6935	0.720456
2466.28	-149.625	0	0	0	0.695426	0.718598
2466.31	-148.89	0	0	0	0.69721	0.716867
2466.34	-148.154	0	0	0	0.698941	0.715179
2466.36	-147.418	0	0	0	0.700569	0.713585
2466.37	-146.681	0	0	0	0.7019	0.712275
2466.39	-145.944	0	0	0	0.703492	0.710703
2466.4	-145.208	0	0	0	0.705263	0.708946
2466.41	-144.287	0	0	0	0.707251	0.706963
2466.42	-143.734	0	0	0	0.708462	0.705749
2466.42	-142.998	0	0	0	0.709875	0.704328
2466.42	-142.26	0	0	0	0.711429	0.702758
2466.42	-141.522	0	0	0	0.713041	0.701122
2466.41	-140.783	0	0	0	0.714446	0.69969
2466.4	-140.044	0	0	0	0.715764	0.698342
2466.39	-139.306	0	0	0	0.71684	0.697238
2466.37	-138.568	0	0	0	0.718231	0.695804
2466.35	-137.828	0	0	0	0.719397	0.694599
2466.33	-137.088	0	0	0	0.720407	0.693551
2466.31	-136.347	0	0	0	0.72123	0.692695
2466.28	-135.606	0	0	0	0.721972	0.691923
2466.26	-134.865	0	0	0	0.722516	0.691354
2466.23	-134.123	0	0	0	0.723255	0.690581
2466.2	-133.382	0	0	0	0.72376	0.690052
2466.17	-132.64	0	0	0	0.724389	0.689392
2466.14	-131.897	0	0	0	0.724767	0.688994
2466.11	-131.153	0	0	0	0.725112	0.688631
2466.07	-130.409	0	0	0	0.725452	0.688273
2466.04	-129.665	0	0	0	0.725789	0.687917
2466.01	-128.921	0	0	0	0.726084	0.687606
2465.98	-128.176	0	0	0	0.726451	0.687218
2465.94	-127.431	0	0	0	0.72695	0.686691
2465.91	-126.685	0	0	0	0.727253	0.68637
2465.87	-125.939	0	0	0	0.727502	0.686106
2465.83	-125.098	0	0	0	0.727792	0.685798
2465.79	-124.446	0	0	0	0.727948	0.685632
2465.75	-123.793	0	0	0	0.728266	0.685294
2465.71	-123.047	0	0	0	0.728615	0.684923
2465.67	-122.3	0	0	0	0.729058	0.684452
2465.62	-121.46	0	0	0	0.729803	0.683657
2465.58	-120.712	0	0	0	0.730469	0.682946
2465.53	-119.965	0	0	0	0.731213	0.682149
2465.48	-119.217	0	0	0	0.732086	0.681212
2465.43	-118.468	0	0	0	0.732988	0.680241
2465.38	-117.721	0	0	0	0.733978	0.679173
2465.33	-116.972	0	0	0	0.734879	0.678198
2465.28	-116.318	0	0	0	0.736011	0.67697
2465.22	-115.569	0	0	0	0.737137	0.675743
2465.16	-114.82	0	0	0	0.738492	0.674262
2465.08	-113.885	0	0	0	0.740155	0.672436
2465.03	-113.325	0	0	0	0.741195	0.671289
2464.95	-112.484	0	0	0	0.742627	0.669706
2464.89	-111.83	0	0	0	0.743754	0.668453
2464.78	-110.803	0	0	0	0.745685	0.666299
2464.72	-110.242	0	0	0	0.74666	0.665206
2464.64	-109.495	0	0	0	0.74784	0.663879
2464.57	-108.842	0	0	0	0.749213	0.662329
2464.48	-108.096	0	0	0	0.75039	0.660996
2464.38	-107.255	0	0	0	0.75202	0.659141
2464.25	-106.225	0	0	0	0.753564	0.657374
2464.19	-105.758	0	0	0	0.754324	0.656502
2464.1	-105.103	0	0	0	0.755376	0.655292
2464	-104.356	0	0	0	0.75663	0.653844
2463.89	-103.609	0	0	0	0.758061	0.652183
2463.79	-102.863	0	0	0	0.759348	0.650685
2463.68	-102.115	0	0	0	0.760572	0.649253
2463.55	-101.274	0	0	0	0.761943	0.647644
2463.43	-100.526	0	0	0	0.763126	0.646249
2463.33	-99.8719	0	0	0	0.764164	0.645022
2463.21	-99.1248	0	0	0	0.765364	0.643598
2463.07	-98.285	0	0	0	0.766616	0.642106
2462.96	-97.6317	0	0	0	0.767664	0.640852
2462.79	-96.6989	0	0	0	0.769236	0.638964
2462.67	-96.0455	0	0	0	0.770176	0.637831
2462.55	-95.3918	0	0	0	0.771153	0.63665
2462.4	-94.5522	0	0	0	0.772233	0.63534
2462.26	-93.8065	0	0	0	0.773488	0.63381
2462.13	-93.1546	0	0	0	0.774286	0.632836
2461.98	-92.4096	0	0	0	0.77551	0.631336
2461.81	-91.5717	0	0	0	0.776537	0.630072
2461.68	-90.9206	0	0	0	0.777305	0.629124
2461.52	-90.1766	0	0	0	0.778183	0.628037
2461.37	-89.4333	0	0	0	0.778902	0.627146
2461.21	-88.6908	0	0	0	0.779868	0.625943
2461.05	-87.9485	0	0	0	0.78062	0.625006
2460.89	-87.2066	0	0	0	0.781193	0.62429
2460.69	-86.281	0	0	0	0.781968	0.623319
2460.56	-85.7254	0	0	0	0.782418	0.622754
2460.37	-84.8933	0	0	0	0.783112	0.62188
2460.2	-84.1549	0	0	0	0.783733	0.621098
2460.03	-83.4178	0	0	0	0.784012	0.620746
2459.88	-82.7733	0	0	0	0.784277	0.620411
2459.71	-82.0353	0	0	0	0.784858	0.619675
2459.52	-81.2049	0	0	0	0.785435	0.618945
2459.37	-80.5597	0	0	0	0.785877	0.618383
2459.2	-79.8239	0	0	0	0.786522	0.617562
2459	-78.9982	0	0	0	0.787098	0.616828
2458.84	-78.3558	0	0	0	0.787564	0.616232
2458.64	-77.5293	0	0	0	0.788223	0.61539
2458.49	-76.8855	0	0	0	0.788541	0.614982
2458.28	-76.058	0	0	0	0.788927	0.614487
2458.1	-75.3225	0	0	0	0.789361	0.61393
2457.89	-74.4947	0	0	0	0.789862	0.613285
2457.74	-73.8508	0	0	0	0.790379	0.612618
2457.58	-73.2084	0	0	0	0.790843	0.612019
2457.4	-72.4753	0	0	0	0.791332	0.611386
2457.21	-71.7436	0	0	0	0.792076	0.610423
2456.98	-70.8294	0	0	0	0.792803	0.609478
2456.81	-70.1892	0	0	0	0.793287	0.608848
2456.65	-69.5488	0	0	0	0.793647	0.608378
2456.43	-68.7267	0	0	0	0.794023	0.607888
2456.26	-68.088	0	0	0	0.79443	0.607355
2456.06	-67.3588	0	0	0	0.794742	0.606947
2455.87	-66.63	0	0	0	0.795126	0.606445
2455.62	-65.7192	0	0	0	0.795771	0.605598
2455.47	-65.1723	0	0	0	0.796084	0.605186
2455.28	-64.4446	0	0	0	0.796873	0.604147
2455.05	-63.6266	0	0	0	0.797745	0.602995
